1.163497262534258503e-01
1.070478443034674210e-01
9.811208868261596383e-02
1.077359420479241242e-01
9.620259685124570026e-02
9.983041209793312720e-02
1.000652378542450094e-01
9.901322056600306287e-02
9.481004888887663296e-02
1.073531116557387005e-01
1.050496665975177296e-01
1.020626114406458784e-01
1.106783655575444836e-01
1.063112322485006284e-01
1.070447202088126437e-01
1.158598585783123386e-01
1.003189249284503343e-01
9.394674309466574669e-02
1.117366080846463744e-01
9.662709682893795560e-02
1.006686029563612084e-01
9.855570029761630269e-02
1.070579958612628696e-01
9.424320657917870103e-02
1.020184224567240588e-01
1.061711681610274655e-01
1.031799652254661165e-01
1.029915820074076976e-01
9.825146520599932487e-02
9.563675218777274722e-02
1.011886032908030919e-01
1.017617181059449344e-01
1.044941830463103211e-01
1.027153667915196855e-01
1.062402807558655987e-01
1.099381124667659498e-01
9.797862003149608590e-02
9.967095912290591109e-02
1.013386882526660926e-01
1.041930077311748609e-01
9.921529651284408113e-02
1.027714140636542678e-01
1.123646672624133425e-01
1.079276268605064704e-01
1.003185527809789812e-01
1.065181617640139355e-01
1.152146067750770969e-01
9.841594644782468426e-02
1.110791770703412756e-01
1.107146368279333104e-01
1.080210928906866485e-01
1.055621317934207354e-01
1.027685331688371895e-01
1.065276623640997178e-01
1.010784448886896808e-01
9.399867449706282574e-02
1.092025831113727502e-01
1.120694442944742963e-01
9.990662601565480916e-02
1.170836395158351972e-01
1.090019056856432328e-01
1.099327019789076987e-01
1.046043836700347729e-01
9.936462769656803640e-02
1.061072435532911251e-01
1.026977314440956912e-01
1.263244814962594387e-01
1.072109892406899190e-01
9.677206106498097149e-02
1.048978590999968402e-01
9.645429550900222471e-02
1.005506511373683437e-01
1.107695024169096099e-01
9.821297758448778448e-02
1.170051113092098888e-01
1.021248392355484924e-01
1.062379456069791200e-01
1.004484573537298420e-01
1.040661960110315226e-01
1.071641358704886610e-01
1.130641820346843657e-01
1.139278932419784535e-01
1.039880959037348951e-01
1.000599016191179719e-01
9.670288148547138973e-02
9.637420056050677308e-02
9.824025730350460783e-02
9.415062095139115073e-02
1.075372221740242412e-01
1.029121647824897540e-01
9.873909895502915035e-02
9.452781283451500149e-02
1.039052437218985631e-01
1.031571790606492650e-01
1.190300664891247029e-01
1.027995455827648841e-01
9.499830404969840381e-02
1.262461999207060981e-01
1.028895807855721989e-01
1.222201805890864440e-01
1.021749575348237932e-01
1.021742098789243658e-01
9.858899043735096235e-02
1.044997566445040743e-01
1.000502110480218781e-01
9.378947627730864489e-02
1.100370377772163510e-01
1.014770668522530228e-01
1.014021109944522048e-01
1.155355477347054377e-01
1.153021687333445622e-01
9.862361085275678230e-02
1.197311464900703143e-01
9.700918186166698765e-02
1.020374687975038885e-01
1.004488995142528152e-01
1.043471897105750779e-01
1.064910497213457652e-01
1.037187714638497793e-01
1.092238081308070097e-01
9.687302030688221821e-02
1.294217336405656948e-01
1.003776300569301089e-01
1.131563860165259033e-01
1.071171901802580456e-01
1.117397861298441430e-01
1.002188425951175410e-01
1.211874732500186486e-01
1.021158184930268387e-01
1.103005202773495730e-01
1.134413987760527903e-01
1.048340198495842646e-01
1.061235522462705000e-01
1.008220609740336365e-01
1.040213112746568302e-01
1.087742096183456075e-01
9.520868902854168203e-02
1.085489446448754114e-01
1.081650775901992767e-01
1.143088815433764005e-01
1.124154779102039398e-01
1.034069793390458847e-01
1.135203945251807012e-01
9.885809617775537239e-02
1.137457136553354509e-01
1.009148373883736738e-01
9.975243560833926826e-02
1.059579872459950473e-01
1.023454617049614490e-01
1.123881911429732428e-01
9.761938668683585452e-02
1.048178926068138589e-01
9.867829703302824496e-02
1.014938819488943184e-01
1.120118581005378339e-01
9.898879180268334299e-02
1.099601416084950295e-01
9.683800392265623502e-02
1.049086605238188918e-01
1.070143533746614473e-01
9.665560228190224479e-02
1.152180320608927333e-01
1.011524326145902541e-01
9.601355001747982620e-02
1.100121250772933684e-01
1.044568374588334264e-01
1.119367592532469341e-01
1.376647323106946208e-01
1.109886274834223641e-01
1.038894316239644400e-01
1.048989038590512068e-01
1.047414574060135661e-01
1.060069461046400929e-01
1.076840878705491444e-01
1.071230871107402560e-01
1.038324027383800835e-01
1.075814592250760593e-01
1.136717408382177108e-01
9.955830115902508659e-02
1.003570034392665122e-01
1.049249995315553741e-01
1.244384668710165343e-01
1.124157222712449111e-01
9.638543938536012212e-02
1.055531136930134700e-01
1.037429326649987327e-01
1.105215297156544596e-01
1.111025380784242123e-01
1.066779578047480775e-01
1.149970994896328536e-01
1.010161347326416770e-01
1.088319109234454907e-01
1.030362637261837966e-01
9.778060292532919640e-02
9.341373716640694047e-02
1.098894345806005896e-01
9.935623554364128585e-02
1.121746036813321690e-01
9.419626684741395917e-02
9.761117834734540921e-02
1.029202409374897070e-01
1.156749031702868913e-01
1.016193147168812649e-01
1.170304283626052849e-01
1.140596181162621819e-01
9.901503704446538989e-02
9.404831487923553945e-02
9.605462794075525501e-02
1.083766295043660788e-01
1.040233228355065265e-01
9.651576272041577365e-02
9.898474005540655596e-02
1.091469303408449110e-01
1.046589832355300093e-01
1.098133831694408646e-01
1.051421386565819238e-01
1.043777921311817153e-01
1.078476621503083321e-01
1.041633178128652526e-01
1.035558340440108360e-01
1.025347482170513719e-01
9.765325024280582800e-02
1.033234402452993250e-01
9.998171081911291780e-02
9.206764784979989957e-02
1.012057260033187300e-01
1.006812670306175828e-01
1.114151869502007786e-01
9.549249735273170059e-02
1.007438358741360729e-01
1.080385608768112266e-01
9.505859894267226773e-02
1.187930154263634325e-01
1.047768910476563758e-01
1.013208205795990691e-01
1.070933179134965219e-01
1.060879481212618353e-01
9.865915515092357757e-02
1.052192290066873426e-01
1.035425056189211157e-01
1.166156536932954346e-01
1.137621692398266549e-01
1.021143415684784422e-01
9.721544453961651622e-02
1.101753790416982320e-01
1.096927153859262871e-01
1.005405973105107098e-01
9.925092029646630232e-02
1.023259143085347989e-01
1.072546523004644231e-01
1.208258330377441764e-01
1.080605757949572310e-01
1.048130700100995544e-01
1.065670465509605813e-01
1.000807977732504767e-01
1.099834976107828821e-01
1.079796874564667719e-01
1.070171737052816041e-01
9.883536875047919945e-02
1.136967612050308885e-01
1.035713069497371658e-01
1.067675213755970992e-01
1.100110074943261712e-01
1.099432126301265328e-01
1.104070964042723202e-01
1.001121841459682166e-01
1.046248647030032508e-01
9.529951348670334665e-02
1.008367051411512977e-01
1.037774112043490377e-01
1.020475838565255006e-01
1.036003256686789942e-01
1.019372559394166322e-01
1.004732729062411400e-01
1.021611401600970442e-01
1.006498707461809111e-01
9.668025760106763178e-02
9.672795790140760464e-02
1.237481456644159289e-01
9.324014964097801506e-02
9.405999655721662689e-02
1.156357120730544946e-01
1.050892142449690037e-01
9.864471253562938358e-02
1.011426031797562769e-01
1.066322980692393507e-01
1.065158691542681113e-01
1.087492327562567529e-01
1.120409763548443627e-01
1.001483714034024225e-01
1.110440797989666606e-01
1.096478757730670883e-01
1.106019386862438919e-01
9.916819553079252170e-02
1.196015638957369231e-01
1.067326882830262613e-01
1.001407658360888159e-01
9.736890454714271226e-02
9.701776808529995189e-02
9.824376809291934798e-02
1.059429858330196844e-01
1.146596763790746071e-01
1.019701331523892168e-01
9.949674491690493894e-02
1.012831005496871717e-01
1.148447681773486079e-01
9.328727588933176385e-02
1.182760470767719591e-01
1.095980329957285254e-01
1.213879955623940604e-01
1.137748178629549439e-01
1.035533207067890760e-01
1.054326031327073171e-01
9.821649656489098157e-02
9.494656366656975544e-02
1.062585819332336062e-01
9.785317193450797368e-02
1.153831996353591599e-01
1.084865134212223553e-01
1.060196274243463410e-01
1.203263367081729013e-01
1.013043559973676871e-01
1.103605330279730096e-01
1.068874032522380418e-01
1.124855800165003583e-01
9.604023544853679262e-02
1.004558215826569650e-01
9.818793769394146276e-02
1.093531441771742468e-01
1.046843800133872987e-01
1.231370751336126057e-01
1.099854910464181379e-01
9.926444611571647036e-02
9.888318914408059102e-02
9.820664812385455911e-02
1.048221907068576375e-01
1.098412809656487965e-01
9.808300136251955903e-02
1.019328326055138484e-01
1.162916808261194590e-01
1.038701602900334864e-01
1.037688297471351800e-01
1.201257496804771785e-01
1.082782481276099301e-01
9.969024582418278824e-02
1.104801604473884258e-01
1.148766236286344194e-01
1.051986491136793628e-01
1.025380284417778398e-01
1.075612552087499840e-01
1.125449150369344092e-01
1.052095073149570542e-01
1.071693532068920679e-01
1.177460733414451288e-01
9.607283888450551812e-02
1.036575685318567586e-01
1.102507537622224310e-01
1.068237893019511192e-01
9.583957130639421396e-02
9.930189478941581216e-02
1.032345494792046570e-01
1.056856304630251209e-01
1.110384484419142115e-01
9.849836027664353455e-02
1.041725101151439598e-01
1.144850894382500178e-01
9.955657040376543476e-02
1.023441150277396572e-01
9.845107847903453169e-02
1.073643956899470869e-01
1.045822534370574042e-01
1.071564801835465097e-01
9.682345527215359404e-02
1.155503348289160931e-01
1.014292059110092764e-01
1.033081638502838101e-01
1.003725302307965639e-01
1.026858388561364271e-01
9.420275782403506049e-02
1.025215884164791535e-01
1.015666618208746486e-01
9.967025344308509671e-02
1.036823201066833094e-01
9.611499368386530739e-02
1.042476910105017140e-01
1.189761782942494739e-01
9.882647820384923842e-02
1.064265949463198135e-01
1.000581570328588077e-01
1.073048439933709380e-01
1.060514554230135298e-01
1.088953827472365354e-01
1.042439932552134824e-01
1.124538904737392986e-01
1.005713058040766106e-01
1.032270126237188057e-01
9.978150327984448842e-02
1.076928107749407088e-01
1.028449759383949225e-01
1.019461595920867908e-01
9.406578356218407710e-02
1.160413224388437553e-01
9.833837704894428378e-02
9.287038451847670628e-02
1.085311922441793420e-01
1.037380504517432245e-01
9.674685079352650374e-02
1.169154561431114264e-01
1.016773064104237873e-01
1.134099415696813301e-01
1.105131668005443074e-01
1.029628272291713970e-01
1.017555840358290720e-01
1.011548614470283297e-01
1.064719075238091672e-01
1.075216419656642580e-01
9.540705378183594876e-02
1.071944958203774612e-01
1.106752417465037830e-01
9.713080124716347297e-02
9.665380692425294684e-02
9.894879515577800766e-02
1.027891699650346213e-01
1.078788929965244364e-01
1.033533993724962963e-01
9.255804160041102013e-02
1.017654133920941201e-01
9.706431566650770837e-02
1.181960412040579250e-01
1.161331786108294045e-01
1.028423054462499764e-01
1.002502121979943761e-01
9.745670050622613767e-02
9.235255525531092802e-02
1.040722890074435442e-01
9.564413012884993848e-02
1.018364082400481652e-01
9.947536301934871428e-02
1.009165388398561569e-01
1.065603433595891797e-01
1.096350218471465326e-01
1.012332344578130983e-01
1.014803432998834937e-01
1.014083431250230455e-01
9.901848768236377885e-02
9.682843123923295936e-02
9.971741124225480535e-02
9.949552065630772046e-02
1.041051533681996988e-01
9.877771062280985004e-02
1.077932312759268263e-01
9.539404046671683124e-02
1.096420397411698722e-01
1.109520629262933517e-01
1.069677802554124812e-01
1.069777578584726468e-01
1.044494038173714584e-01
1.003215138866892647e-01
9.860628241868653332e-02
1.050164739976409828e-01
1.040520995194671450e-01
1.054401487385670799e-01
1.050356450327080970e-01
1.085180899433841467e-01
1.008049299510374169e-01
9.836342206514230024e-02
1.056014412022564658e-01
1.186646503246437806e-01
1.063708217472590506e-01
1.105094320883349274e-01
1.029387846150476432e-01
1.011938482736744055e-01
1.057141823555813459e-01
1.156449766085024949e-01
1.056231508512588541e-01
1.003886390087973812e-01
1.136385412803314482e-01
1.116210994648049043e-01
1.032365915784606153e-01
1.094277383879158211e-01
1.144592808989292748e-01
1.054652818186136987e-01
1.090560795549514184e-01
1.084223879041531224e-01
1.113575994620385756e-01
1.056843691412227004e-01
9.457690046620387259e-02
1.134068003859794865e-01
1.158208859264601431e-01
1.049906982042837361e-01
1.015541120384090973e-01
1.188703288746600778e-01
1.048242720566339298e-01
9.815925242383473359e-02
1.022141303585375610e-01
1.078450556324481863e-01
1.146598309137026039e-01
1.229209096128955486e-01
1.097752330956659195e-01
1.014554737029925158e-01
1.041596547720261279e-01
1.198329474286461971e-01
9.843690132779348012e-02
1.166817523855183114e-01
9.976142197621322427e-02
1.050975094116393671e-01
9.748869459547597482e-02
1.093065064336747050e-01
1.076719962393508090e-01
9.700130697661642210e-02
1.045402773442542232e-01
1.016953800011819870e-01
1.010626689994253008e-01
1.075208521420398244e-01
1.099541548449989165e-01
1.119316327137761524e-01
1.051062647814595408e-01
9.789525984726132890e-02
1.212598332936333928e-01
9.873810645090623506e-02
9.667407554237675282e-02
1.018316645584202706e-01
1.066459228465274911e-01
9.890775083013264579e-02
9.689970824354458834e-02
1.097054543552063305e-01
1.034685008895962072e-01
9.644149119366550449e-02
1.045589785800821597e-01
1.156096099580698477e-01
9.875756154197490311e-02
1.018683371005637273e-01
1.030107261945539809e-01
1.019575713000956951e-01
1.068072396073943692e-01
1.018245079459467184e-01
9.976335038876076033e-02
1.000554117770958984e-01
1.065381990837088871e-01
1.056226983187717600e-01
1.021664006670380542e-01
1.303801986170813887e-01
1.107162906905613947e-01
1.109557094764445223e-01
1.042084413340601257e-01
1.035378781860337299e-01
1.325740204611932649e-01
1.039707506051466973e-01
9.828646848550688653e-02
1.060994569685986821e-01
1.059769030275446583e-01
9.777408575364442134e-02
1.103074227658943224e-01
1.110111972982986833e-01
1.018322050122381084e-01
1.014753420604740525e-01
1.189008594479796926e-01
1.011226447627740499e-01
1.194167439279617271e-01
9.884813377511289523e-02
1.178972207097206681e-01
1.212964231226346667e-01
9.982341871945281386e-02
1.064855699852499810e-01
9.822199967346444127e-02
9.607550625802203925e-02
1.022498672713051809e-01
1.156772873967311238e-01
1.133742546652427158e-01
1.059409257521129327e-01
1.070951892717671855e-01
1.043893218115663074e-01
1.164226928132093275e-01
1.024045654399879657e-01
1.215072603766495923e-01
1.060374330514430863e-01
1.041917357062928928e-01
1.045230425038227717e-01
9.798946436234799717e-02
1.112509839754480812e-01
1.011318647227999884e-01
1.018617264723521154e-01
9.637473262314920353e-02
1.094273838602710797e-01
1.023883238010846464e-01
1.001925421778136344e-01
1.072206555704577763e-01
1.246154759238138066e-01
9.889285906439958251e-02
1.040499291664730708e-01
1.071837363113361252e-01
1.012025860272523781e-01
1.018295550875073507e-01
1.025509995937034236e-01
1.019979662642905710e-01
1.025241479981866127e-01
1.092315617571718439e-01
9.926415293681881136e-02
1.068793280327538231e-01
1.001129019226058431e-01
1.053975996566859641e-01
1.062364369037519796e-01
1.032173304912510914e-01
1.253629662062668293e-01
1.019995683680020582e-01
1.129576099917841830e-01
1.093498714465660215e-01
1.088934254778444743e-01
1.078187052248260197e-01
1.022436069970224515e-01
1.107961655094451270e-01
1.156926493358283459e-01
9.798553552425069701e-02
1.177611640461847936e-01
1.143039786287708554e-01
1.037206233340913913e-01
1.077420766906945215e-01
1.006791833213155074e-01
9.878374846978790758e-02
1.067841347058684914e-01
9.688048132948953728e-02
1.054492595659238946e-01
1.074457676889799262e-01
1.054963477682717282e-01
9.826613352213744990e-02
1.028848034825914637e-01
1.179915671396017801e-01
9.785369771864624311e-02
1.115649555103939566e-01
9.963736882818945151e-02
1.146817051702970908e-01
1.171099158456834072e-01
9.680549287898956856e-02
1.083956519831174858e-01
1.079673635760959316e-01
9.876177316500721337e-02
1.079553082691821209e-01
1.015843171693686792e-01
1.050972404728187648e-01
1.004977662923013937e-01
1.071576431623824793e-01
1.145296300837350539e-01
1.028123801277981003e-01
9.596965005497752610e-02
1.005277819990475219e-01
1.036505060647438525e-01
1.068100195790738088e-01
1.138075101232484676e-01
1.059540259853257865e-01
1.010156358338235721e-01
1.009232655092079795e-01
1.093421256985588064e-01
9.937796157313541490e-02
1.030536117625242137e-01
9.916025129762315315e-02
1.049798038438086722e-01
1.132700988839884237e-01
1.039920702839450262e-01
1.033083046144556150e-01
1.171710015792390563e-01
1.040278820542587662e-01
1.015378370406801595e-01
1.093503409522626896e-01
1.089214087384388907e-01
1.019353523273662104e-01
9.920595857037056708e-02
9.710140585290719106e-02
9.898222224717731499e-02
9.162495383039157004e-02
1.113736487708016226e-01
1.135277792485560183e-01
1.278860027680535361e-01
9.583602608397340239e-02
1.076495313887728261e-01
1.089474343754238406e-01
1.083677498010158641e-01
1.044562002031531600e-01
9.733430288350788939e-02
9.916466347698878192e-02
1.033492995661424857e-01
1.084040851333921557e-01
9.086092104402206104e-02
1.175494540759584872e-01
1.002447306617935269e-01
1.067333397700199055e-01
1.098862958605918289e-01
1.089568358963549088e-01
1.014712063424924177e-01
1.009676685387475570e-01
1.018045272439397353e-01
9.781014145305359786e-02
9.988154819470795864e-02
1.087199106995574704e-01
9.942990716307446852e-02
1.092178761790089658e-01
1.133513565234245263e-01
1.106197896360205657e-01
1.067677552829807974e-01
1.012751161725248400e-01
1.077124320737204849e-01
1.023966112227625985e-01
1.036382967943714206e-01
1.090873164133632500e-01
1.064325093510655740e-01
9.665891440905476084e-02
1.242323825265673892e-01
1.083051692191272647e-01
1.028805007148069078e-01
1.207304730509644597e-01
9.872502038033499627e-02
1.030520569385189739e-01
1.153012661121240456e-01
1.134792043230510306e-01
9.601914065659757080e-02
1.017589480575311067e-01
1.071506258916819221e-01
9.579681742067620853e-02
1.087732186097339349e-01
1.124149458367747489e-01
1.059039284168660638e-01
9.942572579247647979e-02
1.001888936800535146e-01
1.105711583764343725e-01
1.060159027989463071e-01
1.160379924718199923e-01
9.869398215491301252e-02
9.965869121905307493e-02
9.742508867781260462e-02
1.097580412435188030e-01
1.062649497159281614e-01
1.044945144089172023e-01
1.074170943869217354e-01
1.103778075274677167e-01
9.917787573690463321e-02
1.114915286434735170e-01
1.106395503678442999e-01
1.181798930920130025e-01
9.817391391860040561e-02
1.184865922347649175e-01
1.135931176745809124e-01
1.017371502108764952e-01
1.143797358558432814e-01
1.234695280884076929e-01
1.208380458545681296e-01
1.059050992604422536e-01
1.155794626723493923e-01
9.348579511361078398e-02
1.082204932598629932e-01
1.022737462037388578e-01
9.768115263401014325e-02
1.128338610520215196e-01
1.064373257955145285e-01
1.070809918639675368e-01
1.003077400418413700e-01
1.041380304703320714e-01
1.043218997744127241e-01
1.267452746402191743e-01
1.014952008516056547e-01
1.012892310472795210e-01
9.737540233361617614e-02
1.018073964461758962e-01
1.186480131106599362e-01
1.031824567914419039e-01
1.074900743979846918e-01
1.058777685682060904e-01
1.131077071047471988e-01
1.037661603468303245e-01
1.043058938690108045e-01
1.226357246625830039e-01
1.028870377449646184e-01
1.066376885613892767e-01
1.035116892112578207e-01
1.041566374137884859e-01
9.929167570041247393e-02
1.098804156210508171e-01
1.000734839001942017e-01
1.057919110663542578e-01
1.091102461704286236e-01
1.002487837798334558e-01
1.042730407968690959e-01
1.070568582650510275e-01
1.133811198223115130e-01
1.054667278829145155e-01
1.071020723624483417e-01
9.572909682877840665e-02
1.176382494192400735e-01
1.069803292982994536e-01
1.065076168876069734e-01
1.063776665434229413e-01
1.073471469219766244e-01
1.020538312525395147e-01
1.055991905261016162e-01
1.079737421085725790e-01
9.587739170000611488e-02
1.074712816252423875e-01
1.155049913481889651e-01
1.058618538167371143e-01
9.646012024477201852e-02
1.028798200299879256e-01
1.059753444446387971e-01
1.041413759625265806e-01
1.024137052456334934e-01
1.025862901850972675e-01
1.021353033143672095e-01
1.052494688742705159e-01
9.843200904560944764e-02
1.212679066876491407e-01
9.740081925187701883e-02
1.102493100634281270e-01
9.905555853014164081e-02
1.212935707004058061e-01
1.065565945900562722e-01
9.465641951305346635e-02
1.001076407493686066e-01
1.114115975351189780e-01
1.007753773391942415e-01
9.950806371485670931e-02
9.632214977549770352e-02
9.530979903079794813e-02
1.058847721375769935e-01
9.989997102209428881e-02
9.627878861789815335e-02
1.057680110993886313e-01
1.027236899031356288e-01
1.069697187193665022e-01
9.939468985579205662e-02
9.786985525659530616e-02
1.226442589422657992e-01
1.222126605282215506e-01
1.083078750325410927e-01
1.083146509791561435e-01
1.045924151444922456e-01
1.029207523929378809e-01
1.108270003243395085e-01
1.125704215557967874e-01
9.748851450231944826e-02
1.000345359244176335e-01
9.719634897692761011e-02
1.022530108782651187e-01
1.017347331093709090e-01
1.094593564539875913e-01
1.188538067539717386e-01
9.988496497513874028e-02
1.142372128295218586e-01
9.932850708805070206e-02
1.181214068476018203e-01
1.068354072492527507e-01
1.036623590406143686e-01
1.014870332662158176e-01
1.073891423332112849e-01
1.101269983345599668e-01
1.036179781963620233e-01
9.882989405803543903e-02
1.107715776785946071e-01
9.638658073158291872e-02
1.007367858181860421e-01
1.029873066040361274e-01
1.009595364410998536e-01
1.146280825869527703e-01
9.368505715063765726e-02
9.979406231947279826e-02
1.037970049208641610e-01
1.025023613822458601e-01
1.228118655868384312e-01
1.133002777647573595e-01
1.080783002827780115e-01
1.065313126180558595e-01
9.977049348227658154e-02
1.054067591727320535e-01
1.195383246361640672e-01
1.157472323233427330e-01
1.053149726684516618e-01
1.040923022466648112e-01
1.106796017897593021e-01
1.012816438948173081e-01
9.397481564788812136e-02
9.410835180424478863e-02
1.044882589544928048e-01
9.889482213395520138e-02
1.119121072647829285e-01
9.620308509980164680e-02
1.057803992113572344e-01
9.361953218362432938e-02
1.014911321818918466e-01
1.018902188795307584e-01
9.920236906991418413e-02
1.140336839250208623e-01
9.813895165038528934e-02
9.522569651402651436e-02
9.935788450199103949e-02
1.028661558684059174e-01
1.017226753083960711e-01
1.032855726005276059e-01
1.144835633183143020e-01
1.032902397248048748e-01
9.474053483576351520e-02
1.061421935412546341e-01
9.628882286605941476e-02
9.508297808005351792e-02
9.977761600594117763e-02
9.621703243615264967e-02
1.076054957121438393e-01
1.036289547748411033e-01
9.394533514151799658e-02
1.040910122596545029e-01
9.886702056973276087e-02
1.082364119689416815e-01
1.198341273181906530e-01
9.967331762051220845e-02
1.062669110936023120e-01
9.993083809280586816e-02
9.990371840840768514e-02
1.087844077533558357e-01
1.039821717011440994e-01
1.021918136362154894e-01
1.056983378337938706e-01
1.045701116432099509e-01
1.030085229540736308e-01
1.016164086744724415e-01
1.006566431954988572e-01
9.924265046442656835e-02
1.005495158828990931e-01
1.015804799899781008e-01
1.165460621284084008e-01
1.056146113380218160e-01
1.003234525736206306e-01
1.026299396325238977e-01
9.708674352916878136e-02
9.624222934513128325e-02
1.032313171610723807e-01
1.016454795084397178e-01
1.114000383352973383e-01
1.092694426136394253e-01
1.209195829197515504e-01
1.074460292951919388e-01
9.703909359698220660e-02
9.608065611163411901e-02
1.126862236288984631e-01
1.011531844593556995e-01
1.015701450926197597e-01
1.090096506349266525e-01
1.015166689781955567e-01
9.973237200169680905e-02
1.021252395309582423e-01
9.442129120043271651e-02
9.744450905292144360e-02
1.135640302152900738e-01
1.029779624125539972e-01
1.112828774351667382e-01
9.388518698295371390e-02
1.026958534552715324e-01
9.599441377960163391e-02
1.018273903828741667e-01
1.038964009550986389e-01
1.031340482381000595e-01
1.033137919322229675e-01
1.184607190561751261e-01
1.066448889225700969e-01
1.062645685113640798e-01
1.005995363732500869e-01
9.617457236124735132e-02
1.065418494965585383e-01
1.003333947342981980e-01
1.062140569282734315e-01
1.042058519333295685e-01
1.066411269542614226e-01
9.766787409036019330e-02
1.064244700686701045e-01
1.019416922249429119e-01
1.079501564628655430e-01
1.180338937848122022e-01
9.584383382452310585e-02
9.893284062691339031e-02
9.966464143557422772e-02
1.110415768371364742e-01
1.066849918705398831e-01
9.600029979129229285e-02
1.036369668294438856e-01
1.107423247474700057e-01
1.081822061695902892e-01
1.023956785312597761e-01
1.220296279592732874e-01
1.113830802337566761e-01
1.053510289110673875e-01
1.152253305794498639e-01
1.075679111404541088e-01
1.090948219449826839e-01
1.016169011113503412e-01
1.072751655762879258e-01
1.003106408800069904e-01
1.021692652591972422e-01
1.035638924343980916e-01
1.015505644291523624e-01
1.092789252711365011e-01
1.203359821759138609e-01
1.010073121353938647e-01
1.113992478795461788e-01
1.088221102880938679e-01
9.871043831146907033e-02
1.113301795497083080e-01
