1.105966975526220114e-01
1.068910104259284954e-01
1.055508287799014067e-01
1.100534361568564490e-01
1.003636809973082744e-01
9.790627373019090973e-02
1.075675281938939104e-01
1.173518146073534996e-01
1.238334787182545776e-01
1.011091845904370790e-01
1.148742983089256209e-01
1.101620708177452612e-01
1.048369035962604112e-01
9.948465276500818855e-02
9.521712788139320705e-02
1.088962839424946205e-01
1.026177683797109830e-01
1.039659443372307340e-01
1.244840648095258545e-01
1.040822175635055385e-01
1.183060845049976745e-01
1.130294031170655938e-01
1.111656809214580099e-01
1.133133179635025661e-01
1.045766472281352694e-01
1.017634629606121305e-01
1.025432751382746172e-01
1.017213219851265255e-01
1.103015022477941698e-01
1.008142662569625481e-01
1.119064366640978858e-01
1.076170252239531527e-01
1.160999752289233189e-01
1.054135344445397693e-01
1.105284170848598174e-01
1.023822697569208018e-01
1.047452501239978795e-01
1.183228707798487933e-01
1.037598933155971376e-01
1.022506392050600288e-01
1.080591168607163144e-01
1.118989905373330290e-01
1.162882159886040878e-01
9.881720908510814583e-02
9.941600664760491535e-02
9.477808308177979035e-02
9.953296297416168448e-02
1.063835699510082833e-01
1.005162678488582817e-01
1.107799807373746198e-01
9.744315673406747647e-02
1.040628541655400363e-01
1.024119397050292507e-01
9.284423927524664000e-02
1.176220012202165710e-01
1.027479172023324089e-01
1.067915216323873651e-01
1.062244103810550261e-01
9.654522125900318053e-02
1.002385392263098751e-01
1.060032960228588367e-01
1.116957516284512453e-01
9.903144752637067783e-02
1.026705575085758299e-01
9.515637919661093513e-02
9.618638958204003830e-02
1.037320110634362830e-01
1.081948544894310027e-01
9.762163310484865686e-02
9.881981716899138068e-02
1.022908116424441488e-01
9.986708707511567085e-02
9.830451360808474537e-02
1.168152541627696106e-01
1.028665253190215595e-01
1.074304435604127306e-01
1.082764505430787311e-01
1.023498279895778268e-01
1.051689285936494300e-01
1.047763785925890367e-01
1.007747770815682758e-01
1.028648432867457774e-01
1.006813560507145294e-01
1.013042857937688224e-01
1.046858997359647325e-01
1.076375409074644407e-01
1.036786399966748984e-01
1.013899094607922380e-01
1.107527801623280489e-01
9.678660739123853829e-02
1.152755856063952672e-01
1.066910029943278770e-01
1.026649435244687131e-01
9.959712509188761720e-02
1.027950981390724911e-01
1.273518039596840401e-01
1.105843430894068585e-01
9.575692812552169531e-02
1.092061894690165430e-01
9.801560862185283718e-02
1.143255847840225214e-01
1.057502432415287491e-01
1.068859856192057450e-01
1.115231722137992459e-01
1.039461757121740160e-01
1.064675736288307473e-01
1.107689262866668051e-01
1.014221810719141692e-01
1.078717647829142978e-01
9.948622781418887950e-02
1.033572293493648514e-01
1.210083744455675431e-01
1.022544232628149335e-01
1.026251443681900771e-01
1.145057844173136413e-01
9.886750723369912286e-02
1.116678668878369335e-01
1.203498790252222200e-01
1.016283816981403687e-01
1.013381155832609182e-01
1.035281494440371819e-01
1.124750663668142303e-01
1.036885353382408503e-01
1.204785371162597069e-01
1.017940918910494458e-01
1.049218274554361285e-01
9.264697287046280705e-02
9.933352737348953576e-02
1.012850124263724449e-01
9.634726057692152845e-02
1.015260211904630422e-01
1.046396980656757736e-01
1.037295706490289349e-01
9.816125184725392472e-02
1.034402966423848824e-01
1.133951352114338923e-01
1.101514061513159115e-01
9.344068719221002017e-02
1.078534111399793299e-01
9.866870142004620370e-02
1.159830082889288516e-01
1.022026868806927974e-01
1.312464151502935605e-01
1.123479507508070852e-01
1.015889960009823956e-01
1.063483597009786397e-01
9.875008682197711218e-02
9.960754487754912290e-02
9.788295802779807542e-02
1.099534857658911874e-01
1.281836622081478638e-01
1.023704888698700188e-01
1.043246894439337630e-01
1.053625026430471817e-01
9.724920900375588761e-02
9.683095367923510999e-02
1.079066624355880383e-01
1.107565905063649658e-01
1.024046343630861805e-01
1.101657159932168395e-01
9.574848061890309237e-02
9.852104392303849545e-02
1.094671043891871365e-01
1.219595704032396671e-01
1.010570276484660801e-01
1.089624568712060232e-01
1.195661757560677052e-01
9.863694106727646793e-02
1.026852063555277750e-01
1.050203571937919633e-01
1.043920107192448932e-01
1.180031275968277532e-01
1.074802345590418345e-01
1.130345780959869650e-01
1.032305086536604716e-01
1.004819563087393508e-01
1.029980077006055483e-01
9.885089500844095045e-02
1.203399294403353498e-01
1.093161743561420485e-01
9.490648209854470052e-02
1.057415080206949853e-01
1.096085215964147652e-01
1.005070248406716160e-01
1.093403841872376547e-01
1.089276234945367600e-01
1.011487779410851218e-01
1.077755503093332234e-01
9.735387552961755064e-02
1.091030442828264391e-01
9.841846080423673204e-02
1.013755178440398919e-01
1.035877478537265278e-01
1.036017213540658677e-01
1.021792617214326987e-01
9.649317493668876922e-02
1.017954377216347128e-01
1.040053515664362965e-01
9.907303129482716852e-02
1.022660929753464731e-01
1.067542990353847893e-01
9.796592128630123020e-02
1.051564814132318615e-01
1.121413641384722548e-01
1.088167690270053223e-01
1.070462640283364325e-01
1.337147867655275324e-01
9.556220556585127979e-02
1.077445051518922531e-01
9.669399196579239741e-02
1.293808448766263219e-01
1.020491000642317347e-01
1.026569035731445950e-01
1.002090953055307654e-01
9.919035746811623311e-02
1.011195179144005335e-01
1.067194612839737350e-01
1.020049562084500983e-01
1.155084987018110826e-01
9.915299605886485068e-02
1.011500555339869684e-01
9.649481242292207162e-02
1.019727008863546974e-01
1.119452985312761328e-01
9.788206983102190617e-02
1.140527275526016932e-01
1.053220555819071869e-01
1.069714283781534048e-01
1.165608262099509518e-01
1.048331023688785918e-01
1.019079598487406813e-01
1.055346504345623798e-01
1.075461513373496547e-01
1.043579017894825517e-01
1.027208633381497954e-01
1.037516237513372713e-01
9.990487733988631658e-02
1.022833459576713427e-01
1.004745239712899196e-01
1.121948054546224594e-01
1.050091633315383133e-01
1.008245562224604763e-01
1.028334455607392700e-01
1.055153925582564128e-01
1.104380842056511131e-01
1.020662727628818683e-01
1.066165659254539322e-01
1.053939694726691023e-01
9.942437236019337210e-02
1.074558473833235744e-01
1.007872784664003707e-01
1.150433513234489502e-01
1.049119998232312528e-01
9.847838802581702911e-02
1.091499800416124571e-01
1.086254864714644441e-01
1.077295720901942644e-01
9.989414413465866338e-02
1.225929554039140168e-01
9.567006571079626764e-02
1.080569267131331057e-01
9.803855628995848670e-02
1.049930880952541640e-01
1.030259448668516958e-01
1.039213161136835484e-01
1.057502189719669028e-01
1.092013734881016329e-01
9.936786753003711004e-02
9.952883287880577579e-02
1.166329923691984405e-01
1.091859244000804724e-01
1.204182710990890498e-01
9.654608156187115264e-02
1.143209569824380351e-01
1.170371032860213073e-01
9.786616341386036866e-02
1.092417190147083467e-01
9.298722430954207974e-02
1.031566314273189844e-01
1.058229885696058276e-01
1.034481099619344313e-01
1.119845971714103633e-01
1.229905519084416032e-01
1.140698461851349516e-01
9.612254432234805523e-02
9.967910675784057151e-02
1.003912942423254573e-01
1.060132366249316171e-01
1.041482099825237068e-01
1.079428280487607222e-01
1.071815942544606104e-01
1.049833755880561631e-01
1.105205847859088569e-01
1.060105305220417210e-01
1.020888772633300051e-01
1.076143497864120446e-01
9.483943929678233242e-02
1.132401180600485363e-01
1.137680540225989717e-01
1.009105827671095967e-01
1.047243121026936868e-01
1.211768834866642636e-01
1.019285084010024545e-01
1.191235819795227469e-01
1.118791092243298368e-01
1.141935370928648663e-01
1.172531211574987936e-01
1.108473149794393653e-01
1.010141625549472455e-01
9.708609424363080775e-02
9.604722836514080486e-02
1.042444925064145017e-01
1.155909271710469227e-01
1.002449059656805169e-01
1.021046719253639046e-01
1.129021116566349403e-01
1.086391261110970369e-01
1.071787868014383166e-01
1.069309595770790572e-01
1.036156510884514992e-01
1.060488031632011025e-01
1.065447364915610706e-01
1.037468416097733631e-01
1.060702498797178456e-01
1.141231387720128693e-01
9.704922027404502827e-02
1.035958797069376630e-01
1.161731142881076012e-01
1.035366468584458105e-01
1.075559738554857925e-01
9.877079922814084589e-02
9.970832793503611735e-02
9.811406807657688245e-02
1.016286018394910451e-01
1.063320652002118089e-01
1.172982355211061173e-01
1.025969847599936396e-01
1.051323357580747769e-01
1.040618364533777429e-01
9.854228793299703304e-02
1.012250430010999125e-01
1.128865632440896188e-01
1.064750581042419736e-01
9.888036206074742041e-02
1.032877150196369331e-01
1.068248581051055163e-01
1.042454177876241256e-01
1.149491715281093229e-01
9.939998756822253367e-02
9.733941312551790126e-02
1.013756722734424770e-01
1.041750342292787485e-01
1.134269117017239897e-01
1.056693257788130086e-01
1.078875470665853903e-01
1.078080250396829531e-01
1.055904365021399227e-01
1.175509554068332047e-01
9.987073186942733993e-02
9.727422727589790652e-02
1.031040131348495148e-01
1.061136524913389445e-01
1.004246865175259101e-01
1.136937475601381281e-01
1.091056861469853478e-01
9.405832080205189794e-02
1.262435213749217300e-01
1.013505214179937219e-01
1.051422528840999931e-01
1.073810248102933795e-01
9.884781228414793453e-02
1.076943489014202116e-01
1.095236409169791925e-01
1.018997684138715082e-01
1.072138386499520563e-01
1.170803937564077468e-01
1.021458668549209275e-01
1.145233298885155182e-01
1.113435878954231600e-01
9.910228687227923272e-02
1.149437707753030447e-01
1.088492312198333367e-01
1.084279063906512519e-01
1.177719932086727928e-01
1.049346773601898264e-01
1.001745953932338395e-01
9.732302362389105843e-02
1.030282711781491251e-01
9.405274472810662423e-02
1.048760138586924684e-01
1.092108179275364938e-01
1.051920595923933333e-01
9.863667379101852262e-02
1.031968176452623814e-01
1.083450306026194770e-01
1.102034997754838402e-01
1.061347309066951183e-01
1.106392315755757305e-01
1.041624551649296126e-01
1.007898007115189121e-01
1.066412134743559975e-01
1.063302260405662170e-01
9.833506344241628450e-02
1.020869976588954092e-01
1.018060855412984689e-01
1.035419766714660295e-01
1.001940826189881145e-01
1.085983408949191126e-01
1.016048455083740226e-01
1.071750826831154441e-01
1.118774950012512981e-01
1.057098740909762774e-01
1.053363405664133196e-01
1.118177410533035543e-01
9.959528818517777993e-02
1.149949218581600013e-01
1.027048860050477491e-01
9.847374500931486974e-02
1.036539945999232770e-01
1.027568787478124607e-01
1.240211498899020937e-01
1.076228239449440738e-01
1.106813422190736085e-01
1.137983532730238445e-01
9.821904563727955340e-02
1.041924089169753292e-01
1.035675591244792221e-01
1.093711512605161917e-01
1.076563664356524064e-01
1.059421460477787263e-01
1.076516636579639141e-01
9.787663736552433547e-02
1.075971411031513419e-01
1.055845800411996382e-01
9.715268718931946434e-02
9.896505778657249675e-02
1.038883226532660992e-01
1.168936100977745474e-01
1.077812757396634513e-01
1.100113432743866221e-01
1.009008380020852969e-01
1.116650892806413525e-01
1.048261353291127795e-01
1.262310002699146561e-01
1.131175963922739086e-01
1.024935021847572236e-01
1.075647226343559443e-01
1.082081248817179098e-01
1.061897205446915987e-01
1.096238729475350338e-01
1.057623152819309048e-01
1.136803135975248263e-01
1.026317201050021277e-01
9.810999000322546959e-02
1.177823396154270424e-01
1.039894804923931909e-01
1.046846720792338759e-01
1.090885805072190629e-01
1.003461188783870139e-01
9.758678935503765917e-02
1.014170123772472065e-01
9.901308794064524188e-02
1.038771153715494361e-01
9.659439282631550328e-02
1.113592546446644654e-01
1.097112941277293974e-01
1.092770218340798904e-01
1.044936044003073466e-01
1.135843578876701981e-01
9.048683433160985279e-02
1.064728336503527328e-01
9.933119811990523407e-02
9.887595501687733435e-02
9.977084564168826886e-02
1.164352530275268305e-01
1.095075417349202496e-01
1.126021411898946029e-01
9.590493923997064907e-02
1.047403381616944101e-01
1.039532926050411588e-01
1.004998149958319237e-01
1.147646595251870516e-01
1.009656702474844153e-01
9.434542095758832736e-02
1.209444516253231489e-01
9.968789896952845453e-02
9.719959025005264763e-02
1.052373896863668390e-01
9.687332819998088762e-02
1.013636492486706120e-01
1.010098438469048954e-01
1.040754177494760957e-01
9.675587695908507979e-02
1.028626028346771720e-01
1.072159590008825297e-01
1.017648998544460059e-01
1.085723861191409123e-01
1.042488411882520338e-01
1.028084723856721588e-01
9.827914038319426893e-02
9.734020113063902857e-02
1.256135182487778112e-01
1.093902415436009690e-01
1.196548959342342427e-01
1.048332574942426459e-01
1.133008556107368975e-01
1.010531793194296424e-01
1.088930698022636534e-01
9.488288571925225512e-02
9.804287353567282814e-02
9.695972733638975882e-02
1.002797457211626608e-01
1.049062604672772875e-01
1.297631951642546355e-01
1.120497188438596553e-01
1.070975838344236791e-01
9.904942868644779630e-02
1.094208626504238197e-01
1.060994845201264636e-01
9.195446542475277374e-02
1.014381773137801868e-01
9.914522111951420968e-02
9.875034652190636808e-02
1.087612036668308829e-01
1.018731279758386260e-01
1.078953220240221333e-01
1.221965835743500650e-01
9.710438855727597518e-02
1.145155228403667846e-01
1.284657234165675066e-01
1.026101138413018227e-01
9.697014985492229122e-02
9.961847491068630267e-02
1.076948197870726681e-01
1.039738976341703230e-01
1.021376541165047863e-01
9.681202316272688457e-02
1.094869368773892793e-01
1.035297853851589872e-01
1.050980047789258354e-01
9.384151327921415320e-02
9.922451473919814691e-02
1.040204186646208478e-01
1.066039390764846745e-01
1.028506147198683107e-01
9.397515501044373387e-02
1.035679947800461215e-01
1.017019369153755598e-01
1.108106457442777082e-01
1.044572390527210015e-01
1.101146640465036630e-01
1.060328394346568559e-01
1.028120712699931716e-01
1.188878674032803201e-01
9.482615950997878851e-02
1.117371780593135189e-01
1.122916937407953952e-01
1.024459188311215574e-01
1.137820379312055596e-01
1.022649422912842165e-01
1.209007098327929131e-01
1.076773544917028202e-01
1.028824400504139980e-01
1.113617865416798858e-01
1.119172937193100431e-01
1.015796557234214942e-01
1.098544340417670073e-01
9.927399136525728862e-02
1.111243095156956018e-01
1.005925685745353154e-01
1.024840711784176656e-01
1.082699456808341176e-01
1.193845716284036018e-01
1.187882835981820678e-01
1.025011285804373479e-01
1.011998600478674626e-01
9.996987702811202525e-02
1.013945327649133088e-01
9.946987187265209085e-02
1.055105166448373905e-01
9.753480454375697273e-02
1.057581312376369015e-01
1.052837984546097783e-01
1.015554740061339750e-01
1.007461461697827243e-01
1.005854809463534727e-01
9.787483640403171758e-02
1.090998086708550724e-01
1.090070659714902773e-01
1.105663715880566417e-01
9.734533024343637597e-02
1.080200944129570545e-01
1.061500310167408923e-01
1.041333288706202537e-01
9.497833808920308485e-02
1.001057223193187184e-01
1.091814573346550771e-01
1.076400057794753562e-01
1.050882917142475642e-01
1.087040503376416611e-01
1.019651030244259765e-01
1.028768609286509345e-01
1.092112290673710601e-01
1.097873454243020186e-01
1.014207078539226675e-01
1.108605488190995692e-01
1.065012836572814398e-01
1.025074619950595012e-01
1.058803769689184993e-01
9.894021199636536534e-02
1.120215780957172363e-01
1.056810388896030906e-01
9.632531656006332321e-02
9.459078279218428864e-02
1.008092343239029159e-01
1.123767106375254676e-01
1.036564078804762534e-01
1.038763356399544507e-01
1.006944182972953072e-01
1.082286089033919763e-01
1.016319628822809074e-01
1.023912608213655706e-01
1.037063837519290183e-01
1.044282677895277400e-01
1.136848354097694386e-01
1.084817136522482767e-01
1.155981225435065984e-01
1.011429835606500321e-01
1.040166500832944985e-01
1.036086232483470343e-01
1.102081480751128523e-01
1.080769335732041231e-01
1.044228558809400520e-01
1.092398127911859557e-01
9.980842031951868421e-02
1.200116056898753031e-01
1.152014883769334197e-01
9.834355223075022523e-02
9.889821379621110964e-02
1.062892114716231656e-01
1.074095529572113572e-01
1.080666600072025391e-01
1.004395913959301306e-01
1.077841692877945790e-01
1.102891918922345033e-01
1.071070043503305480e-01
1.026800484583617057e-01
1.050436741863999407e-01
9.709770081499775884e-02
1.017337169708377037e-01
1.075505435260028092e-01
9.716543656521774153e-02
1.056526004355607951e-01
1.019521134151913644e-01
1.195747948226359991e-01
1.056453355844847730e-01
1.160264781539725870e-01
1.067746621193377821e-01
1.050284929963763020e-01
1.034717104893335404e-01
1.027210884965582410e-01
1.019055997148923809e-01
1.099197541830310293e-01
1.077111266425524877e-01
1.031236894942906546e-01
9.598829314531344414e-02
1.006095231892419756e-01
1.017026195558473761e-01
1.217265273573148732e-01
1.004885710375687663e-01
1.040073923512216392e-01
1.103926948909367683e-01
9.716287237803343524e-02
1.043723673891855941e-01
1.158255019379655776e-01
9.891724237183419088e-02
1.018317008618288833e-01
1.098117288754463100e-01
1.089675124984431503e-01
1.115179306421423405e-01
1.010379557838610581e-01
1.071238910660629456e-01
9.989767149979887628e-02
9.624114231367861261e-02
1.108899725780887330e-01
1.195949269580477009e-01
1.152726964923227321e-01
9.894934183534399852e-02
1.011199878698723076e-01
1.119040048167776608e-01
1.061729746519829154e-01
9.781759357731191484e-02
1.065158698540995680e-01
1.249996596130020787e-01
9.922883256275662200e-02
9.813418067014569035e-02
1.090085747848946046e-01
1.074186429552483613e-01
1.007491958890370659e-01
1.082238305713610071e-01
9.994400188744463620e-02
1.051726410949846841e-01
1.085515004933616523e-01
1.081449982998574227e-01
9.975372142400103226e-02
1.087665113275819717e-01
1.116766335901510920e-01
1.014026597280688058e-01
9.485939833739261140e-02
1.014789984155845398e-01
1.222319644121282883e-01
9.574314312294275597e-02
1.026303473303569191e-01
1.041743956003747945e-01
1.018738135722477012e-01
1.112645359634783782e-01
9.954802488463777854e-02
1.021512970232933970e-01
9.175055404503022760e-02
9.907534266282569391e-02
1.082147422312972895e-01
1.031192210467681281e-01
1.071716247533185534e-01
1.020277564225037514e-01
1.007458509651835143e-01
1.183906213205331154e-01
1.098484058622960086e-01
1.059481646300912822e-01
1.035440328891537448e-01
9.909135672235741543e-02
9.813981794555494409e-02
1.112252638887389761e-01
9.361079724411970615e-02
1.037888507435341667e-01
1.018175068651220871e-01
9.923199727097324618e-02
1.045501987145226741e-01
9.809185973820050419e-02
1.068438882850065302e-01
1.203490033092577405e-01
1.102379173996066858e-01
9.968760037802128215e-02
1.045071806874627723e-01
1.076319076304803890e-01
1.035531703568759176e-01
1.175317933847925683e-01
1.105170086845918831e-01
9.591824992681495521e-02
9.945142580286789324e-02
1.062446863078549825e-01
1.053090715867327221e-01
1.077976241375575989e-01
1.114080338471190451e-01
1.176172458773071389e-01
1.349674821390385859e-01
1.073289577927096922e-01
1.066555315838868673e-01
1.037199309781697415e-01
1.170290923301329777e-01
9.395666721840360835e-02
1.168985869645763342e-01
1.048982762746415859e-01
1.026972233258871547e-01
9.790748302018364990e-02
1.097685758620266794e-01
9.740393925512746964e-02
1.099092472411870303e-01
1.206712916451808670e-01
1.025159192531990976e-01
1.108287062048435717e-01
1.058717855056314494e-01
9.644920797155666359e-02
1.072859584639615227e-01
1.022038213765144865e-01
1.006894469066368925e-01
9.704998799543256005e-02
1.114395032616324471e-01
9.996994035339670792e-02
1.115316945355078193e-01
1.030124063566143083e-01
9.828368422020215822e-02
1.007391835614826758e-01
1.263110235720647789e-01
1.079845455032373697e-01
1.077634702839235237e-01
9.690661218696952628e-02
1.036605737733008736e-01
1.105420378721384544e-01
1.006400750784743059e-01
1.093379917483897484e-01
1.016722426532408741e-01
1.055114462447678952e-01
1.109775484285120406e-01
1.209196320922737850e-01
9.445374236653769628e-02
1.026510696276074913e-01
1.134291251909359255e-01
1.065723368255109688e-01
1.048516937470426597e-01
9.666618389034205283e-02
1.070089582663971695e-01
1.062478008930697049e-01
1.072974611082793128e-01
1.052966116995969204e-01
1.001201946168620155e-01
1.009340256894616650e-01
9.758377824648266363e-02
1.084580783636180101e-01
1.009805081465994098e-01
9.779991127426392039e-02
1.024593699536139185e-01
1.294451864222198600e-01
9.780706258050919644e-02
1.056496279168546437e-01
1.027158358079617723e-01
1.098643612419938631e-01
1.120976715529783119e-01
1.099742294481223515e-01
1.038220457131850821e-01
1.063111505212168129e-01
1.066509738468058854e-01
9.927605940036733634e-02
9.781491182635217163e-02
1.102824003567186295e-01
1.110233788387746251e-01
1.021157722256081229e-01
1.023702959869084023e-01
1.057695130721236776e-01
1.094642554504129256e-01
9.559134369164731804e-02
1.074859861540780337e-01
1.057873387473421134e-01
1.063495520662502136e-01
1.088668549086583281e-01
9.372473171640996470e-02
1.080537481050261456e-01
1.049331169524581192e-01
9.384993687660446449e-02
1.039176611275490492e-01
1.022462190066026760e-01
9.589372413183368249e-02
1.004203913017219091e-01
9.620151433308754552e-02
9.894958281393614885e-02
1.113023977826930605e-01
1.053218950099289036e-01
1.061929957077155789e-01
1.008070291888737702e-01
9.734326610209277642e-02
1.282111611817550456e-01
1.013895232612405661e-01
1.132979789203163307e-01
1.165929134351376406e-01
1.222522709735457402e-01
1.158843576958218935e-01
1.085728131409042507e-01
1.022947941317222664e-01
1.005284791370490566e-01
1.048270419102797640e-01
9.380519446722443422e-02
1.073448077928585292e-01
1.021546985361552889e-01
1.195992382580796654e-01
1.020415181676784938e-01
1.099275925060049924e-01
1.116751260472271523e-01
1.013564893764337255e-01
1.223992543177146036e-01
1.075451495995126266e-01
1.128235866258487791e-01
1.024828070567315313e-01
9.967503554071219241e-02
1.009348385421881961e-01
1.016593166165830481e-01
1.109490358559829526e-01
9.929022737412457333e-02
1.001290920776895937e-01
1.253549396191618870e-01
1.105758071934335729e-01
1.008298459373830752e-01
1.088868977356290818e-01
9.952310630273317194e-02
1.018240732734175535e-01
1.016832438946850131e-01
1.019860620848777460e-01
1.058150613745431068e-01
9.830589056620671340e-02
1.005292516360046240e-01
9.835537531894494867e-02
9.960115684902016986e-02
1.164067429865889985e-01
1.073433083127729587e-01
1.100744630699096310e-01
1.061497434398289558e-01
1.262975362027821680e-01
1.021802693173475274e-01
1.061303776993068188e-01
1.072060340058155203e-01
1.183132525605428281e-01
1.134934203959162419e-01
9.975150517818115459e-02
1.016985845968833013e-01
9.776805149704972941e-02
9.998390650029428950e-02
1.040720132074286486e-01
1.065601256650058615e-01
9.823395161174200418e-02
1.067570630168421936e-01
1.009909999415457005e-01
1.122395875690896244e-01
1.064036192664107733e-01
1.033654200351027813e-01
1.059117732892116831e-01
9.836766242758958334e-02
1.049740372590438064e-01
1.142481322773853669e-01
1.094864016565345044e-01
1.034976540320447363e-01
1.069577794828778378e-01
1.098218975006895470e-01
9.446949705649025641e-02
1.005250228945315932e-01
1.035329484272428102e-01
1.035999553016475200e-01
1.041999172849415317e-01
1.059692529278920131e-01
1.005214748030695132e-01
1.143415537269313748e-01
1.040682204285529738e-01
1.077414423441260261e-01
1.031352409965534817e-01
1.080879419834925165e-01
1.046799541032299996e-01
1.030711672567593135e-01
1.085414709200493433e-01
1.063080763049473743e-01
1.089347525514166581e-01
1.035197953476535287e-01
1.247251495396847487e-01
1.009823861494021369e-01
1.351664594269167408e-01
1.077825467422413169e-01
9.881518545060749559e-02
1.094362253068095620e-01
1.097447156432089788e-01
9.930457774404814753e-02
1.019526588914205223e-01
1.087537703222569430e-01
9.585417700547127495e-02
9.823354830856113884e-02
1.149094278360891785e-01
1.021535623676448068e-01
1.016565780544049641e-01
1.292863381743293294e-01
1.116491395558794480e-01
1.009889256696171606e-01
1.142374988246083328e-01
1.046882506841995408e-01
1.002195454719099349e-01
1.056564542575710169e-01
9.968041326963288096e-02
1.024468642906148363e-01
9.653972430438939600e-02
1.087463770958283782e-01
9.705769322869681193e-02
1.082386188289880674e-01
1.149511723667963198e-01
1.022326745049000202e-01
9.641366426846934012e-02
1.007558446151363835e-01
1.048620952402878753e-01
1.173847205086634149e-01
1.095446128083699122e-01
9.525361933515562318e-02
9.934805401912745471e-02
1.034022792797350682e-01
9.955159965690019153e-02
1.043803882287378526e-01
1.071915929129178408e-01
1.138026803696441519e-01
1.036460831773980129e-01
1.110032679955007540e-01
1.201845948557530575e-01
1.052926685578713661e-01
9.918785301240819197e-02
9.883613341421193521e-02
1.122360274517894552e-01
1.007421354109350325e-01
1.098376289699211916e-01
1.073158189174462235e-01
9.640042181370592211e-02
1.037472723427647486e-01
1.096748085918443499e-01
1.115303973844233576e-01
1.032251678453080940e-01
1.090391291317023559e-01
9.945975134192740208e-02
1.100433315797108708e-01
1.143147520269388040e-01
1.139005924812204057e-01
